4 0.5950234 0.178188 0.0269531 0.1267431
4 0.4447031 0.169633 0.0422187 0.1704587
4 0.3444375 0.1748394 0.0346874 0.1422477
4 0.1310703 0.473211 0.0289531 0.2205504
4 0.8521093 0.7500229 0.0453749 0.2504128
4 0.9077968 0.8212614 0.0418124 0.1744495
4 0.9468125 0.8165596 0.0424687 0.2137614
4 0.8796484 0.1320871 0.0217031 0.0443577
4 0.8593984 0.1565137 0.0150781 0.12
4 0.9395781 0.0609403 0.014 0.0465596
4 0.4283984 0.0922018 0.0276406 0.1254128
4 0.8970078 0.1887155 0.0185468 0.108899
4 0.9130468 0.2025229 0.0105 0.1097247
4 0.8632812 0.1674311 0.2703125 0.3348623