4 0.731164 0.5761943 0.0382968 0.158384
4 0.5638359 0.4841803 0.0216406 0.0975878
4 0.5861328 0.4816861 0.0152656 0.0925526
4 0.6814687 0.4893442 0.0269375 0.1002341
4 0.7268437 0.4839344 0.0249687 0.0637002
4 0.9846093 0.5366393 0.0307812 0.1485011
4 0.4805234 0.5359601 0.0374843 0.1460655
4 0.7667421 0.4673653 0.0135781 0.0457377
4 0.8933046 0.6772482 0.0591718 0.1819437
4 0.8942343 0.5377517 0.0336249 0.1421077
4 0.7539843 0.559274 0.0253124 0.1323185
4 0.7853906 0.5134192 0.0338437 0.1200936
4 0.810914 0.4814285 0.0216718 0.1072599
4 0.5 0.5386416 0.996875 0.2903981