4 0.5150078 0.610117 0.4482968 0.7797658
4 0.9346718 0.5576346 0.0559687 0.1574707
4 0.1697109 0.2705854 0.0431718 0.0723185
4 0.3391562 0.2803278 0.0609375 0.1129274
4 0.8373828 0.5850234 0.0790156 0.1074707
4 0.2843359 0.3441686 0.0643593 0.1307259
4 0.6178671 0.2669789 0.0580781 0.0972365
4 0.5534296 0.1407845 0.0651406 0.1541217
4 0.3786328 0.6067447 0.0807968 0.0786416
4 0.0957031 0.3900468 0.0544375 0.0978922
4 0.2296718 0.432295 0.0594374 0.1653395
4 0.0382656 0.4622365 0.0590937 0.1352459
4 0.8136328 0.5182669 0.0643281 0.0983606
4 0.5 0.3489461 0.996875 0.6978922