4 0.73439 0.8862133 0.03774 0.1426133
4 0.5689299 0.9059333 0.03074 0.1454133
4 0.49986 0.9061999 0.0333199 0.1453066
4 0.46986 0.9091866 0.03256 0.1396533
4 0.42708 0.9095333 0.0391999 0.14328
4 0.2846 0.9012533 0.0178399 0.0306666
4 0.6213 0.8984533 0.03008 0.1496533
4 0.66442 0.8922933 0.03484 0.1477866
4 0.59207 0.8638133 0.0218999 0.0649066
4 0.53007 0.8552533 0.02198 0.0471999
4 0.36002 0.80024 0.0106399 0.0317866
4 0.93506 0.8480399 0.01948 0.03896
4 0.13318 0.91216 0.0208 0.0349866
4 0.502 0.8546666 0.992 0.2746666