4 0.468789 0.9123732 0.0380156 0.1304259
4 0.4445703 0.8790669 0.0313281 0.1258417
4 0.5716796 0.8171906 0.0240156 0.1016835
4 0.5513671 0.8188032 0.0237968 0.089006
4 0.3525468 0.8964807 0.0452812 0.1190872
4 0.361625 0.8158722 0.0196874 0.0603853
4 0.3319218 0.8421095 0.0255625 0.0987829
4 0.2471718 0.8152028 0.0321562 0.1136511
4 0.209164 0.8076876 0.0244218 0.1015415
4 0.380914 0.8619878 0.0382031 0.1141582
4 0.0707187 0.7453245 0.0171875 0.076004
4 0.1100703 0.78143 0.0265468 0.0772616
4 0.0088671 0.7491176 0.0113281 0.0203448
4 0.1398437 0.801217 0.1546875 0.1501014