4 0.0581484 0.7910104 0.1162968 0.3910208
4 0.3998671 0.8563333 0.0991093 0.2873333
4 0.3581796 0.8523958 0.0840781 0.2712916
4 0.2866875 0.8490937 0.0764687 0.2968541
4 0.7236171 0.8260104 0.0721093 0.2039374
4 0.7801015 0.8440729 0.0697031 0.2885625
4 0.8293828 0.8483958 0.0687968 0.2546666
4 0.9244765 0.8093541 0.0534218 0.192125
4 0.0075312 0.3475729 0.0145625 0.1220208
4 0.9906718 0.7812395 0.0186562 0.1520208
4 0.3642343 0.7198437 0.0279062 0.0551458
4 0.4918203 0.8215104 0.0349843 0.0803958
4 0.5148125 0.821302 0.0324374 0.0730208
4 0.4164062 0.7479166 0.3828125 0.1333333