4 0.5420234 0.5726932 0.2473593 0.6584074
4 0.3409062 0.4916393 0.127875 0.3684777
4 0.4636406 0.4857611 0.11475 0.3766276
4 0.7103671 0.6878571 0.2052031 0.4042388
4 0.8952734 0.6225292 0.2094531 0.5656674
4 0.8732968 0.4408665 0.12925 0.6151288
4 0.1776484 0.5220257 0.0855156 0.200117
4 0.3745781 0.2088992 0.1011875 0.1071194
4 0.9565156 0.2237002 0.0852812 0.1155503
4 0.0325546 0.1158548 0.0642343 0.0802341
4 0.465125 0.2142622 0.0853125 0.0972833
4 0.6644609 0.2217564 0.0711406 0.1085714
4 0.0563203 0.5389695 0.1126406 0.2571428