4 0.8085156 0.061799 0.0360624 0.0786448
4 0.7643828 0.0592873 0.0185781 0.0540887
4 0.0604375 0.0730257 0.0244999 0.0796028
4 0.1025703 0.0517172 0.0198906 0.0473598
4 0.0293046 0.2651752 0.0586093 0.157313
4 0.9346171 0.0641705 0.0253593 0.1079205
4 0.0114687 0.0776635 0.0229375 0.0881775
4 0.0859921 0.0600467 0.0187343 0.0564953
4 0.6132734 0.0552102 0.0218593 0.0490186
4 0.0293671 0.0772079 0.0315781 0.0871728
4 0.7775468 0.0570093 0.0104062 0.0527102
4 0.8890859 0.0621378 0.0114843 0.0450233
4 0.5565546 0.0594509 0.0543593 0.0859579
4 0.5179687 0.1495327 0.9609375 0.2943925