4 0.2739531 0.8599791 0.1117499 0.2800416
4 0.3920781 0.7631666 0.0443437 0.1660833
4 0.3480625 0.7556979 0.0348125 0.1260208
4 0.4254296 0.7647708 0.0255781 0.1518333
4 0.4756328 0.7825833 0.0517968 0.1604166
4 0.9036796 0.7268958 0.0230468 0.088
4 0.2035234 0.7165937 0.0158281 0.0771458
4 0.5106328 0.7740208 0.0315156 0.1558333
4 0.1371875 0.7301979 0.0317187 0.1003541
4 0.2279453 0.7183645 0.0242968 0.0801041
4 0.3637109 0.754375 0.0237656 0.144875
4 0.314289 0.730177 0.0322343 0.0828541
4 0.8503125 0.7266041 0.022 0.0829583
4 0.5023437 0.8125 0.9546875 0.3708333