4 0.5462109 0.4473004 0.0807343 0.2425821
4 0.8593281 0.4820187 0.1121874 0.2629107
4 0.1767265 0.5102699 0.0126093 0.0460798
4 0.1417578 0.4829812 0.0154531 0.030845
4 0.0780468 0.5131807 0.0514375 0.1154225
4 0.6496093 0.511514 0.0099062 0.0282394
4 0.709289 0.454507 0.0124531 0.0296713
4 0.4007578 0.4706572 0.0679843 0.2057746
4 0.2551875 0.5756572 0.043 0.1750704
4 0.236164 0.4370187 0.0213593 0.0592488
4 0.9789296 0.7463967 0.0421406 0.0766431
4 0.3283984 0.4369835 0.0109218 0.0625586
4 0.9474296 0.9249765 0.1047343 0.1484037
4 0.4992187 0.5516431 0.9984375 0.3051643