4 0.4244687 0.6630023 0.3153125 0.479556
4 0.5739921 0.3849766 0.0649531 0.0709345
4 0.3016718 0.4772313 0.0980312 0.2721261
4 0.2975078 0.2517406 0.1465468 0.2091822
4 0.4990937 0.2027336 0.06425 0.0711682
4 0.1152031 0.1074065 0.0445937 0.1368691
4 0.4813046 0.3836098 0.0596406 0.082313
4 0.7483984 0.4898831 0.3426406 0.7191121
4 0.9411874 0.2548714 0.1142187 0.1574065
4 0.8051874 0.2275584 0.0352812 0.1054906
4 0.1451171 0.5969509 0.2662968 0.6271728
4 0.9784531 0.2097196 0.0430937 0.15
4 0.4699296 0.2339135 0.1561406 0.1446962
4 0.5 0.2511682 0.996875 0.5023364