4 0.4123046 0.3709507 0.0592031 0.219507
4 0.4850468 0.4016784 0.0768124 0.186737
4 0.6681875 0.4603521 0.0506562 0.2701877
4 0.7078203 0.4892136 0.0535156 0.2999765
4 0.7677656 0.4857746 0.0926249 0.3751643
4 0.21175 0.5657042 0.1351562 0.319953
4 0.8436953 0.585176 0.1674531 0.313122
4 0.9108359 0.7512676 0.1776406 0.4937089
4 0.5433125 0.3927112 0.0375 0.1254225
4 0.3787031 0.5066901 0.1452187 0.3568075
4 0.9678359 0.365399 0.0643281 0.2541314
4 0.3073359 0.50196 0.0554531 0.3665023
4 0.5953828 0.4123004 0.0893906 0.2278403
4 0.4953125 0.6373239 0.990625 0.7206572