4 0.7376171 0.5065375 0.3409218 0.9869248
4 0.4853828 0.6011267 0.3365468 0.7483098
4 0.2367734 0.6169014 0.0365781 0.066338
4 0.1448281 0.665399 0.0199062 0.0759154
4 0.0644609 0.6550938 0.0969218 0.3010798
4 0.1008906 0.6234272 0.0344999 0.0900469
4 0.214789 0.6498826 0.0188593 0.0676056
4 0.3215859 0.7094953 0.0388281 0.0795539
4 0.2929609 0.6870892 0.0342656 0.1070892
4 0.2655156 0.6719835 0.0383125 0.1657042
4 0.3347109 0.6562089 0.0498281 0.1761737
4 0.8953593 0.6357511 0.1404999 0.482676
4 0.1824218 0.6729107 0.0424375 0.10723
4 0.3054687 0.6572769 0.6046875 0.2159624