4 0.3712421 0.5919895 0.1018593 0.3950208
4 0.798664 0.2390833 0.0325468 0.0625416
4 0.9411718 0.2148958 0.0378125 0.0563333
4 0.605164 0.2790937 0.0251718 0.0581041
4 0.216125 0.2583958 0.0752187 0.0842499
4 0.0767187 0.2469062 0.0522499 0.0808958
4 0.0406953 0.2488541 0.0381093 0.0845
4 0.6115156 0.1194583 0.06425 0.0749583
4 0.7067187 0.2563958 0.0406562 0.0580833
4 0.8706015 0.2326875 0.0339531 0.0497083
4 0.9258125 0.1185208 0.0405625 0.074875
4 0.1621718 0.3075 0.0331874 0.0492916
4 0.4992187 0.171875 0.9984375 0.34375