4 0.2822812 0.7016562 0.0065312 0.0193958
4 0.2749531 0.7102812 0.0071874 0.0255208
4 0.2585312 0.702927 0.0097812 0.0167708
4 0.2444609 0.7147187 0.0097968 0.0273125
4 0.2514375 0.7053333 0.0058437 0.0174166
4 0.7449062 0.6933854 0.0075312 0.0363958
4 0.6175 0.6713125 0.0082812 0.0220833
4 0.2312109 0.7115937 0.0083593 0.0357291
4 0.2691562 0.702302 0.004625 0.0145208
4 0.5580859 0.6695833 0.0076406 0.0190833
4 0.7370546 0.6936458 0.0072968 0.034875
4 0.273 0.7050312 0.0036562 0.0128541
4 0.2644765 0.7101041 0.0067343 0.0271249