4 0.5134531 0.4017871 0.2428437 0.5414648
4 0.3752265 0.5852148 0.0455781 0.1885546
4 0.3416093 0.581289 0.0476562 0.1977734
4 0.2497265 0.5863769 0.0333906 0.1870117
4 0.2921328 0.5887597 0.0521406 0.1797851
4 0.6791953 0.5830566 0.0450781 0.1731835
4 0.7284687 0.580205 0.0449687 0.1796679
4 0.6298984 0.5886816 0.0396718 0.1710742
4 0.4846406 0.5821679 0.0494374 0.1832812
4 0.5167421 0.5721093 0.0317968 0.1610546
4 0.7569765 0.5899414 0.0224531 0.1542968
4 0.5836249 0.6394042 0.0499062 0.085957
4 0.4107968 0.5770507 0.0293437 0.1956249
4 0.6734375 0.5849609 0.165625 0.2050781