4 0.5309374 0.7847916 0.316125 0.4304166
4 0.3338671 0.6538541 0.3441093 0.3107083
4 0.4332812 0.636177 0.163375 0.2526041
4 0.6440156 0.6405729 0.0894375 0.2196875
4 0.7521171 0.6456875 0.1282656 0.233125
4 0.0733125 0.7528124 0.14325 0.4674166
4 0.6501328 0.5427916 0.0395781 0.079875
4 0.4712187 0.5588854 0.0508124 0.1016458
4 0.9379062 0.7551666 0.1241875 0.4885416
4 0.8098281 0.7681666 0.2275312 0.4269583
4 0.797164 0.5346875 0.0507656 0.0737499
4 0.3817421 0.5674166 0.0455156 0.096625
4 0.5243671 0.6150312 0.0741093 0.2227708