4 0.919164 0.5121585 0.0464843 0.2415859
4 0.8701562 0.5354845 0.076375 0.2874008
4 0.6550859 0.547511 0.0377343 0.2230837
4 0.6213437 0.5170814 0.0463124 0.2839427
4 0.3805468 0.5211784 0.0785937 0.2588766
4 0.4471484 0.5224779 0.0781093 0.2764096
4 0.1641562 0.5177422 0.024875 0.2075991
4 0.2455546 0.4539757 0.0248906 0.1082158
4 0.0631093 0.5582488 0.0961875 0.357511
4 0.0832578 0.5066409 0.0438593 0.2210352
4 0.3228203 0.5237224 0.0501406 0.2335242
4 0.5534687 0.5294493 0.037375 0.243392
4 0.4289062 0.5209251 0.4671875 0.2312775