4 0.0792578 0.421288 0.0426406 0.1516627
4 0.2117812 0.3932318 0.0096562 0.0332084
4 0.3110078 0.3990866 0.0094843 0.0458079
4 0.2860625 0.3953864 0.0078125 0.0305386
4 0.2386562 0.4029625 0.0075937 0.0164637
4 0.2962343 0.3997189 0.0070937 0.0336299
4 0.4038281 0.3984309 0.0043124 0.0187353
4 0.201539 0.4093676 0.0084218 0.0199531
4 0.2726718 0.4022482 0.0118125 0.0379391
4 0.1763828 0.4084543 0.0147656 0.0240281
4 0.5771015 0.6418501 0.2236406 0.2172365
4 0.0306015 0.4229742 0.0235156 0.0403278
4 0.2359375 0.3969555 0.446875 0.0725995