4 0.6171532 0.4988762 0.733354 0.9662886
4 0.2451345 0.2079175 0.1325879 0.1467216
4 0.3994409 0.1147835 0.0836024 0.1316701
4 0.4822256 0.1068144 0.1097515 0.1184536
4 0.9138819 0.4498865 0.1534368 0.3348247
4 0.9663457 0.1905876 0.0614285 0.1223711
4 0.0890993 0.1870927 0.1023395 0.1289072
4 0.3887991 0.1906907 0.0832298 0.065134
4 0.3101242 0.296701 0.0869979 0.1256907
4 0.0523084 0.3218144 0.0990269 0.1099381
4 0.815973 0.3097216 0.0754658 0.1155257
4 0.892795 0.2051958 0.1075776 0.107134
4 0.9160351 0.1744639 0.093561 0.1511134
4 0.4979296 0.2144329 0.9958592 0.4288659