4 0.5294375 0.398384 0.0419374 0.0671194
4 0.4979453 0.4104918 0.0239843 0.0355035
4 0.477 0.4084074 0.0252812 0.0455737
4 0.8731562 0.3841217 0.0234062 0.0429039
4 0.1741015 0.6038992 0.0368593 0.0516861
4 0.4181015 0.4244262 0.0198281 0.0304918
4 0.9225468 0.3647892 0.0382187 0.0707494
4 0.4562343 0.4257259 0.0134999 0.0153395
4 0.6275078 0.3938173 0.0129218 0.0082903
4 0.2597421 0.3960655 0.0272968 0.0647306
4 0.9493671 0.3792037 0.0171718 0.0401873
4 0.4663515 0.4030562 0.0119218 0.0165573
4 0.3253984 0.4234777 0.0156718 0.0218032