4 0.6138046 0.7741004 0.0150156 0.0311448
4 0.5357187 0.7554906 0.0107499 0.0305607
4 0.5255781 0.7539836 0.0098437 0.0325934
4 0.6392031 0.7761214 0.0229687 0.0302803
4 0.879875 0.7635163 0.0110937 0.0432476
4 0.8453046 0.7554906 0.0079531 0.0343925
4 0.4348906 0.7780841 0.0125312 0.0299532
4 0.8545703 0.7611799 0.0069531 0.0380607
4 0.9198437 0.7621962 0.0070624 0.0230841
4 0.3945781 0.7658294 0.0083124 0.0538084
4 0.3710703 0.7650467 0.0122343 0.0567289
4 0.3498125 0.7641471 0.0119374 0.0635747
4 0.5210937 0.7640186 0.7171875 0.0794392