4 0.8859609 0.1831449 0.0724531 0.1415565
4 0.5489531 0.588081 0.2777812 0.6475479
4 0.8171328 0.2928997 0.0909218 0.3061407
4 0.6319453 0.2429104 0.2009843 0.4403198
4 0.4269843 0.2715138 0.1225625 0.2288699
4 0.387875 0.1865778 0.1435312 0.3405756
4 0.1923281 0.3015351 0.1406875 0.316162
4 0.7188203 0.6112366 0.2848906 0.6516844
4 0.3592734 0.5811407 0.3036093 0.7520469
4 0.8659218 0.3495842 0.2020937 0.2401918
4 0.1202031 0.1436353 0.1059375 0.2519189
4 0.2196328 0.1503091 0.1081718 0.25
4 0.0398906 0.306066 0.0519687 0.2463752
4 0.5625 0.3837953 0.871875 0.7675906