4 0.7422823 0.9049453 0.4166588 0.1901093
4 0.8388352 0.8716875 0.3223294 0.256625
4 0.7371764 0.7386015 0.5231058 0.2099218
4 0.7800352 0.6830703 0.1595058 0.0844843
4 0.762247 0.6062343 0.4158823 0.3941874
4 0.8028705 0.4918515 0.2065882 0.2537031
4 0.8303882 0.449625 0.2657176 0.4039375
4 0.2249294 0.5561875 0.3736235 0.5670937
4 0.729247 0.1134843 0.2267294 0.2224687
4 0.8049176 0.274164 0.259247 0.2034531
4 0.9307176 0.14175 0.1385647 0.17575
4 0.5871176 0.2629218 0.1658117 0.2651562
4 0.6831058 0.3052812 0.0799058 0.2101562