4 0.7179687 0.5435597 0.2265625 0.7540983
4 0.7815 0.2321311 0.0182812 0.0378454
4 0.4663281 0.3168618 0.0502499 0.2272131
4 0.8928437 0.3235128 0.1414062 0.440281
4 0.7995937 0.2900702 0.0632187 0.1998594
4 0.7573906 0.2447306 0.0214062 0.0782201
4 0.5217578 0.3539227 0.0779531 0.3483138
4 0.1589296 0.4146018 0.0929531 0.3393208
4 0.572914 0.3549648 0.0439843 0.0722248
4 0.0986328 0.2698243 0.0342031 0.0790398
4 0.0736796 0.2480679 0.0217968 0.0528103
4 0.0701875 0.4298126 0.1300625 0.2916159
4 0.3227656 0.2829742 0.1668437 0.275925
4 0.5195312 0.2974238 0.9578125 0.2950819