4 0.6096714 0.66296 0.2434571 0.41864
4 0.8361999 0.55022 0.0883428 0.14604
4 0.2370142 0.50903 0.0995714 0.1619799
4 0.2994571 0.46559 0.0658285 0.0516999
4 0.1684285 0.46421 0.0653142 0.0688999
4 0.1527857 0.53625 0.0523142 0.10942
4 0.1179428 0.47114 0.0465714 0.06824
4 0.5091142 0.46347 0.0332 0.03742
4 0.3036714 0.52906 0.0394 0.11776
4 0.0823857 0.46294 0.0195714 0.0638
4 0.0903714 0.53421 0.0368571 0.11878
4 0.5968428 0.50713 0.0442571 0.0800199
4 0.4209142 0.5316 0.0442857 0.0875999
4 0.5171428 0.546 0.8514285 0.22