4 0.6019218 0.3811297 0.012375 0.0480334
4 0.6176406 0.9060564 0.1107812 0.1595606
4 0.0769218 0.9212552 0.1538437 0.1574895
4 0.6385312 0.2255125 0.0085937 0.0155439
4 0.622539 0.3037656 0.0093281 0.022343
4 0.4768906 0.2488598 0.0120312 0.0308995
4 0.442289 0.2408368 0.0084218 0.0156485
4 0.4311718 0.2234309 0.0103749 0.0216317
4 0.635289 0.5371757 0.0800156 0.1792468
4 0.2084296 0.9435251 0.0868593 0.0872175
4 0.2754765 0.3852615 0.0105156 0.0476359
4 0.0624609 0.4178974 0.0337968 0.0449163
4 0.4218593 0.9559414 0.1615937 0.0881171
4 0.5 0.3378661 0.996875 0.3075313