4 0.48475 0.4736885 0.0374374 0.1339344
4 0.590039 0.4579976 0.0317343 0.0416159
4 0.662 0.4556088 0.0126875 0.0252224
4 0.5660234 0.473466 0.0226093 0.0592974
4 0.5436249 0.4843911 0.0225625 0.0822716
4 0.644164 0.4576463 0.0144843 0.0263934
4 0.6022812 0.4562295 0.0109687 0.0240749
4 0.4567968 0.4284777 0.0248124 0.0353161
4 0.6555156 0.4493208 0.0058749 0.0122716
4 0.6215156 0.4594145 0.0077499 0.020562
4 0.612914 0.4547423 0.0077343 0.0320608
4 0.6276875 0.4566159 0.0165312 0.0326229
4 0.5349062 0.4594379 0.0082187 0.0240749
4 0.559375 0.4894613 0.01875 0.0702576