4 0.5775156 0.5517213 0.0966249 0.4511241
4 0.809414 0.5644379 0.0767031 0.4325761
4 0.2611484 0.7169555 0.1332656 0.4053864
4 0.8677968 0.5034894 0.072375 0.1313348
4 0.8660781 0.4242037 0.0378437 0.0997892
4 0.938289 0.5129039 0.0784218 0.1112412
4 0.8654921 0.3675526 0.0217031 0.0799297
4 0.3779375 0.5443676 0.0800312 0.054637
4 0.490539 0.4653278 0.0412968 0.0779625
4 0.9221484 0.3799648 0.0090468 0.0303278
4 0.3801328 0.9322131 0.1859218 0.1355737
4 0.520289 0.4469789 0.0236718 0.0853864
4 0.9793593 0.4111241 0.0117499 0.0608899
4 0.4820312 0.5374707 0.8234375 0.2833723