4 0.5125 0.3144262 0.0289062 0.086651
4 0.4940468 0.2766276 0.0174062 0.0585011
4 0.602125 0.2783138 0.022125 0.0548009
4 0.3833593 0.2750234 0.0153125 0.0530913
4 0.2281406 0.4694964 0.0146249 0.0950585
4 0.7296796 0.1447072 0.0117031 0.0281967
4 0.3115859 0.2631147 0.0164218 0.0745199
4 0.7592656 0.4375526 0.0124374 0.0790866
4 0.418539 0.0898126 0.0129531 0.0326932
4 0.5052343 0.5211826 0.0404062 0.1264871
4 0.793164 0.3695667 0.0185156 0.0587587
4 0.9798671 0.4762763 0.0222343 0.0446838
4 0.8916328 0.3073536 0.0135468 0.0464168
4 0.4629375 0.0914988 0.0122812 0.0329274
4 0.5 0.498829 0.996875 0.997658