4 0.2200937 0.6091197 0.2768125 0.7817605
4 0.7949765 0.7728051 0.0978906 0.1523239
4 0.836164 0.7765492 0.0535781 0.1532394
4 0.7052968 0.7760563 0.071625 0.1584507
4 0.8836953 0.6341901 0.0671093 0.255
4 0.9506328 0.6405868 0.0687656 0.2486384
4 0.8956796 0.7850938 0.0847031 0.137183
4 0.2842031 0.7764084 0.08975 0.1550704
4 0.7239609 0.6516784 0.1077031 0.2741549
4 0.597414 0.5869014 0.4289531 0.7950704
4 0.9802031 0.7809507 0.0395937 0.1394131
4 0.1485 0.6413732 0.297 0.366737
4 0.2875312 0.6597183 0.0633125 0.1673708